2
2.789508236
3.257453285
3.275090874
2.860309595
2.175570505
1.472291965
1.002184717
0.92858234
1.270812336
1.902113033
2.601303237
3.138092979
3.359324721
3.243342759
2.902113033
2.530885847
2.325384587
2.398986964
2.732365476
3.175570505
3.502349117
3.496322616
3.036221543
2.147468714
1
-0.147468714
-1.036221543
-1.496322616
-1.502349117
-1.175570505
-0.732365476
-0.398986964
-0.325384587
-0.530885847
-0.902113033
-1.243342759
-1.359324721
-1.138092979
-0.601303237
0.097886967
0.729187664
1.07141766
0.997815283
0.527708035
-0.175570505
-0.860309595
-1.275090874
-1.257453285
-0.789508236
-1.66924E-15
0.887395203
1.639419296
2.099520369
2.242275606
2.175570505
2.090325954
2.177755222
2.546616329
3.172925369
3.902113033
4.50341627
4.756126968
4.534895225
3.861376748
2.902113033
1.912851858
1.149814082
0.780952975
0.830252443
1.175570505
1.600236084
1.878288627
1.860651038
1.529434725
1
0.470565275
0.139348962
0.121711373
0.399763916
0.824429495
1.169747557
1.219047025
0.850185918
0.087148142
-0.902113033
-1.861376748
-2.534895225
-2.756126968
-2.50341627
-1.902113033
-1.172925369
-0.546616329
-0.177755222
-0.090325954
-0.175570505
-0.242275606
-0.099520369
0.360580704
1.112604797